clear;
close all;

%yt = transpose(y);
x = linspace(0,3.5,36);
y = linspace(0,3.5,36);
% 
% 
[X, Y] = meshgrid(x,y);




t1 = [200.000	    200.000	    200.000	    200.000	    200.000	    200.000	    200.000	    200.000	    200.000	    200.000	    200.000	    200.000	    200.000	    200.000	    200.000	    200.000	    200.000	    200.000	    200.000	    200.000	    200.000	    200.000	    200.000	    200.000	    200.000	    200.000	    200.000	    200.000	    200.000	    200.000	    200.000	    200.000	    200.000	    200.000	    200.000	    200.000	
    200.000	    190.351	    181.429	    173.798	    167.757	    163.327	    160.314	    158.408	    157.286	    156.668	    156.349	    156.194	    156.123	    156.092	    156.079	    156.074	    156.072	    156.071	    156.071	    156.071	    156.071	    156.071	    156.070	    156.067	    156.061	    156.045	    156.004	    155.907	    155.681	    155.177	    154.084	    151.769	    146.921	    136.708	    114.618	      0.000	
    200.000	    181.429	    164.257	    149.569	    137.942	    129.416	    123.616	    119.949	    117.788	    116.599	    115.986	    115.688	    115.551	    115.491	    115.466	    115.456	    115.452	    115.451	    115.450	    115.450	    115.450	    115.449	    115.448	    115.444	    115.433	    115.405	    115.336	    115.171	    114.792	    113.958	    112.185	    108.538	    101.217	     86.724	     58.009	      0.000	
    200.000	    173.798	    149.569	    128.846	    112.442	    100.412	     92.228	     87.054	     84.006	     82.328	     81.463	     81.042	     80.849	     80.764	     80.729	     80.715	     80.710	     80.708	     80.707	     80.707	     80.707	     80.706	     80.704	     80.700	     80.687	     80.654	     80.574	     80.385	     79.958	     79.035	     77.129	     73.364	     66.261	     53.500	     32.017	      0.000	
    200.000	    167.757	    137.942	    112.442	     92.255	     77.452	     67.382	     61.015	     57.264	     55.200	     54.134	     53.617	     53.379	     53.275	     53.232	     53.215	     53.208	     53.206	     53.205	     53.205	     53.204	     53.204	     53.202	     53.197	     53.185	     53.155	     53.080	     52.905	     52.517	     51.696	     50.050	     46.930	     41.365	     32.130	     18.186	      0.000	
    200.000	    163.327	    129.416	    100.412	     77.452	     60.615	     49.161	     41.919	     37.654	     35.306	     34.094	     33.505	     33.235	     33.117	     33.067	     33.048	     33.040	     33.038	     33.037	     33.036	     33.036	     33.035	     33.034	     33.030	     33.020	     32.996	     32.936	     32.797	     32.495	     31.868	     30.646	     28.409	     24.601	     18.640	     10.246	      0.000	
    200.000	    160.314	    123.616	     92.228	     67.382	     49.161	     36.766	     28.929	     24.313	     21.772	     20.460	     19.823	     19.530	     19.403	     19.350	     19.329	     19.320	     19.317	     19.316	     19.316	     19.316	     19.315	     19.314	     19.312	     19.304	     19.287	     19.244	     19.147	     18.938	     18.514	     17.705	     16.268	     13.910	     10.371	      5.608	      0.000	
    200.000	    158.408	    119.949	     87.054	     61.015	     41.919	     28.929	     20.716	     15.878	     13.215	     11.840	     11.173	     10.866	     10.732	     10.676	     10.654	     10.646	     10.643	     10.641	     10.641	     10.641	     10.641	     10.640	     10.638	     10.633	     10.622	     10.595	     10.533	     10.403	     10.143	      9.656	      8.813	      7.466	      5.508	      2.949	      0.000	
    200.000	    157.286	    117.788	     84.006	     57.264	     37.654	     24.313	     15.878	     10.909	      8.174	      6.763	      6.077	      5.762	      5.625	      5.567	      5.545	      5.536	      5.533	      5.532	      5.531	      5.531	      5.531	      5.530	      5.529	      5.527	      5.520	      5.504	      5.468	      5.394	      5.247	      4.978	      4.520	      3.804	      2.785	      1.482	      0.000	
    200.000	    156.668	    116.599	     82.328	     55.200	     35.306	     21.772	     13.215	      8.174	      5.400	      3.968	      3.272	      2.953	      2.813	      2.755	      2.732	      2.723	      2.720	      2.719	      2.719	      2.718	      2.718	      2.718	      2.718	      2.716	      2.712	      2.704	      2.685	      2.645	      2.569	      2.430	      2.198	      1.840	      1.340	      0.710	      0.000	
    200.000	    156.349	    115.986	     81.463	     54.134	     34.094	     20.460	     11.840	      6.763	      3.968	      2.526	      1.825	      1.503	      1.363	      1.304	      1.281	      1.272	      1.269	      1.267	      1.267	      1.267	      1.267	      1.267	      1.266	      1.266	      1.264	      1.259	      1.250	      1.231	      1.193	      1.126	      1.015	      0.847	      0.615	      0.325	      0.000	
    200.000	    156.194	    115.688	     81.042	     53.617	     33.505	     19.823	     11.173	      6.077	      3.272	      1.825	      1.122	      0.798	      0.658	      0.599	      0.576	      0.567	      0.563	      0.562	      0.562	      0.562	      0.562	      0.561	      0.561	      0.561	      0.560	      0.558	      0.554	      0.545	      0.527	      0.497	      0.447	      0.372	      0.269	      0.142	      0.000	
    200.000	    156.123	    115.551	     80.849	     53.379	     33.235	     19.530	     10.866	      5.762	      2.953	      1.503	      0.798	      0.475	      0.334	      0.275	      0.252	      0.243	      0.239	      0.238	      0.238	      0.238	      0.238	      0.238	      0.237	      0.237	      0.237	      0.236	      0.234	      0.230	      0.223	      0.209	      0.188	      0.156	      0.113	      0.059	      0.000	
    200.000	    156.092	    115.491	     80.764	     53.275	     33.117	     19.403	     10.732	      5.625	      2.813	      1.363	      0.658	      0.334	      0.193	      0.134	      0.110	      0.101	      0.098	      0.097	      0.096	      0.096	      0.096	      0.096	      0.096	      0.096	      0.096	      0.096	      0.095	      0.093	      0.090	      0.085	      0.076	      0.063	      0.045	      0.024	      0.000	
    200.000	    156.079	    115.466	     80.729	     53.232	     33.067	     19.350	     10.676	      5.567	      2.755	      1.304	      0.599	      0.275	      0.134	      0.075	      0.052	      0.043	      0.039	      0.038	      0.038	      0.038	      0.038	      0.038	      0.037	      0.037	      0.037	      0.037	      0.037	      0.036	      0.035	      0.033	      0.029	      0.024	      0.018	      0.009	      0.000	
    200.000	    156.074	    115.456	     80.715	     53.215	     33.048	     19.329	     10.654	      5.545	      2.732	      1.281	      0.576	      0.252	      0.110	      0.052	      0.028	      0.019	      0.016	      0.015	      0.014	      0.014	      0.014	      0.014	      0.014	      0.014	      0.014	      0.014	      0.014	      0.014	      0.013	      0.012	      0.011	      0.009	      0.007	      0.003	      0.000	
    200.000	    156.072	    115.452	     80.710	     53.208	     33.040	     19.320	     10.646	      5.536	      2.723	      1.272	      0.567	      0.243	      0.101	      0.043	      0.019	      0.010	      0.007	      0.006	      0.005	      0.005	      0.005	      0.005	      0.005	      0.005	      0.005	      0.005	      0.005	      0.005	      0.005	      0.004	      0.004	      0.003	      0.002	      0.001	      0.000	
    200.000	    156.071	    115.451	     80.708	     53.206	     33.038	     19.317	     10.643	      5.533	      2.720	      1.269	      0.563	      0.239	      0.098	      0.039	      0.016	      0.007	      0.004	      0.002	      0.002	      0.002	      0.002	      0.002	      0.002	      0.002	      0.002	      0.002	      0.002	      0.002	      0.002	      0.002	      0.001	      0.001	      0.001	      0.000	      0.000	
    200.000	    156.071	    115.450	     80.707	     53.205	     33.037	     19.316	     10.641	      5.532	      2.719	      1.267	      0.562	      0.238	      0.097	      0.038	      0.015	      0.006	      0.002	      0.001	      0.001	      0.001	      0.001	      0.001	      0.001	      0.001	      0.001	      0.001	      0.001	      0.001	      0.001	      0.001	      0.000	      0.000	      0.000	      0.000	      0.000	
    200.000	    156.071	    115.450	     80.707	     53.204	     33.036	     19.316	     10.641	      5.531	      2.719	      1.267	      0.562	      0.238	      0.096	      0.038	      0.014	      0.005	      0.002	      0.001	      0.000	      0.000	      0.000	      0.000	      0.000	      0.000	      0.000	      0.000	      0.000	      0.000	      0.000	      0.000	      0.000	      0.000	      0.000	      0.000	      0.000	
    200.000	    156.071	    115.450	     80.706	     53.204	     33.036	     19.315	     10.641	      5.531	      2.718	      1.267	      0.562	      0.238	      0.096	      0.038	      0.014	      0.005	      0.002	      0.001	      0.000	      0.000	      0.000	      0.000	      0.000	      0.000	      0.000	      0.000	      0.000	      0.000	      0.000	      0.000	      0.000	      0.000	      0.000	      0.000	      0.000	
    200.000	    156.070	    115.449	     80.705	     53.203	     33.035	     19.315	     10.640	      5.531	      2.718	      1.267	      0.562	      0.238	      0.096	      0.038	      0.014	      0.005	      0.002	      0.001	      0.000	      0.000	      0.000	      0.000	      0.000	      0.000	      0.000	      0.000	      0.000	      0.000	      0.000	      0.000	      0.000	      0.000	      0.000	      0.000	      0.000	
    200.000	    156.068	    115.446	     80.702	     53.199	     33.032	     19.313	     10.639	      5.530	      2.718	      1.267	      0.561	      0.238	      0.096	      0.037	      0.014	      0.005	      0.002	      0.001	      0.000	      0.000	      0.000	      0.000	      0.000	      0.000	      0.000	      0.000	      0.000	      0.000	      0.000	      0.000	      0.000	      0.000	      0.000	      0.000	      0.000	
    200.000	    156.064	    115.438	     80.693	     53.191	     33.025	     19.308	     10.636	      5.528	      2.717	      1.266	      0.561	      0.237	      0.096	      0.037	      0.014	      0.005	      0.002	      0.001	      0.000	      0.000	      0.000	      0.000	      0.000	      0.000	      0.000	      0.000	      0.000	      0.000	      0.000	      0.000	      0.000	      0.000	      0.000	      0.000	      0.000	
    200.000	    156.053	    115.419	     80.670	     53.170	     33.008	     19.296	     10.628	      5.523	      2.714	      1.265	      0.561	      0.237	      0.096	      0.037	      0.014	      0.005	      0.002	      0.001	      0.000	      0.000	      0.000	      0.000	      0.000	      0.000	      0.000	      0.000	      0.000	      0.000	      0.000	      0.000	      0.000	      0.000	      0.000	      0.000	      0.000	
    200.000	    156.025	    115.371	     80.616	     53.119	     32.968	     19.267	     10.610	      5.513	      2.709	      1.262	      0.559	      0.237	      0.096	      0.037	      0.014	      0.005	      0.002	      0.001	      0.000	      0.000	      0.000	      0.000	      0.000	      0.000	      0.000	      0.000	      0.000	      0.000	      0.000	      0.000	      0.000	      0.000	      0.000	      0.000	      0.000	
    200.000	    155.958	    115.259	     80.488	     53.002	     32.876	     19.203	     10.569	      5.489	      2.696	      1.256	      0.556	      0.235	      0.095	      0.037	      0.014	      0.005	      0.002	      0.001	      0.000	      0.000	      0.000	      0.000	      0.000	      0.000	      0.000	      0.000	      0.000	      0.000	      0.000	      0.000	      0.000	      0.000	      0.000	      0.000	      0.000	
    200.000	    155.804	    115.003	     80.202	     52.745	     32.676	     19.065	     10.484	      5.441	      2.670	      1.243	      0.550	      0.233	      0.094	      0.037	      0.014	      0.005	      0.002	      0.001	      0.000	      0.000	      0.000	      0.000	      0.000	      0.000	      0.000	      0.000	      0.000	      0.000	      0.000	      0.000	      0.000	      0.000	      0.000	      0.000	      0.000	
    200.000	    155.459	    114.441	     79.588	     52.202	     32.263	     18.786	     10.313	      5.344	      2.620	      1.218	      0.539	      0.228	      0.092	      0.036	      0.013	      0.005	      0.002	      0.001	      0.000	      0.000	      0.000	      0.000	      0.000	      0.000	      0.000	      0.000	      0.000	      0.000	      0.000	      0.000	      0.000	      0.000	      0.000	      0.000	      0.000	
    200.000	    154.706	    113.245	     78.319	     51.114	     31.457	     18.252	      9.991	      5.166	      2.528	      1.174	      0.519	      0.219	      0.089	      0.034	      0.013	      0.005	      0.002	      0.001	      0.000	      0.000	      0.000	      0.000	      0.000	      0.000	      0.000	      0.000	      0.000	      0.000	      0.000	      0.000	      0.000	      0.000	      0.000	      0.000	      0.000	
    200.000	    153.082	    110.776	     75.811	     49.043	     29.970	     17.293	      9.425	      4.856	      2.370	      1.098	      0.485	      0.204	      0.082	      0.032	      0.012	      0.004	      0.002	      0.001	      0.000	      0.000	      0.000	      0.000	      0.000	      0.000	      0.000	      0.000	      0.000	      0.000	      0.000	      0.000	      0.000	      0.000	      0.000	      0.000	      0.000	
    200.000	    149.571	    105.812	     71.076	     45.326	     27.402	     15.686	      8.498	      4.359	      2.120	      0.980	      0.431	      0.181	      0.073	      0.028	      0.011	      0.004	      0.001	      0.000	      0.000	      0.000	      0.000	      0.000	      0.000	      0.000	      0.000	      0.000	      0.000	      0.000	      0.000	      0.000	      0.000	      0.000	      0.000	      0.000	      0.000	
    200.000	    141.781	     96.068	     62.585	     39.077	     23.283	     13.193	      7.096	      3.621	      1.754	      0.808	      0.355	      0.149	      0.060	      0.023	      0.009	      0.003	      0.001	      0.000	      0.000	      0.000	      0.000	      0.000	      0.000	      0.000	      0.000	      0.000	      0.000	      0.000	      0.000	      0.000	      0.000	      0.000	      0.000	      0.000	      0.000	
    200.000	    123.420	     77.533	     48.352	     29.404	     17.231	      9.658	      5.156	      2.617	      1.263	      0.580	      0.254	      0.107	      0.043	      0.017	      0.006	      0.002	      0.001	      0.000	      0.000	      0.000	      0.000	      0.000	      0.000	      0.000	      0.000	      0.000	      0.000	      0.000	      0.000	      0.000	      0.000	      0.000	      0.000	      0.000	      0.000	
    200.000	     75.733	     44.721	     26.877	     15.988	      9.244	      5.137	      2.727	      1.379	      0.664	      0.304	      0.133	      0.056	      0.022	      0.009	      0.003	      0.001	      0.000	      0.000	      0.000	      0.000	      0.000	      0.000	      0.000	      0.000	      0.000	      0.000	      0.000	      0.000	      0.000	      0.000	      0.000	      0.000	      0.000	      0.000	      0.000	
    200.000	      0.000	      0.000	      0.000	      0.000	      0.000	      0.000	      0.000	      0.000	      0.000	      0.000	      0.000	      0.000	      0.000	      0.000	      0.000	      0.000	      0.000	      0.000	      0.000	      0.000	      0.000	      0.000	      0.000	      0.000	      0.000	      0.000	      0.000	      0.000	      0.000	      0.000	      0.000	      0.000	      0.000	      0.000	      0.000];

t2 = [200.000	    200.000	    200.000	    200.000	    200.000	    200.000	    200.000	    200.000	    200.000	    200.000	    200.000	    200.000	    200.000	    200.000	    200.000	    200.000	    200.000	    200.000	    200.000	    200.000	    200.000	    200.000	    200.000	    200.000	    200.000	    200.000	    200.000	    200.000	    200.000	    200.000	    200.000	    200.000	    200.000	    200.000	    200.000	    200.000	
    200.000	    197.545	    195.137	    192.821	    190.637	    188.616	    186.782	    185.149	    183.725	    182.504	    181.479	    180.634	    179.950	    179.406	    178.982	    178.654	    178.405	    178.214	    178.064	    177.941	    177.827	    177.707	    177.562	    177.369	    177.099	    176.709	    176.140	    175.303	    174.059	    172.187	    169.312	    164.752	    157.189	    143.833	    118.270	      0.000	
    200.000	    195.137	    190.368	    185.781	    181.454	    177.451	    173.818	    170.585	    167.763	    165.346	    163.315	    161.641	    160.286	    159.210	    158.369	    157.721	    157.227	    156.849	    156.555	    156.312	    156.089	    155.857	    155.578	    155.210	    154.695	    153.958	    152.889	    151.328	    149.035	    145.636	    140.527	    132.691	    120.310	     99.966	     64.795	      0.000	
    200.000	    192.821	    185.781	    179.009	    172.622	    166.712	    161.349	    156.577	    152.410	    148.842	    145.844	    143.373	    141.374	    139.785	    138.543	    137.588	    136.859	    136.304	    135.872	    135.518	    135.197	    134.866	    134.473	    133.960	    133.250	    132.241	    130.791	    128.699	    125.676	    121.291	    114.901	    105.525	     91.665	     71.110	     41.037	      0.000	
    200.000	    190.637	    181.454	    172.622	    164.290	    156.582	    149.588	    143.363	    137.928	    133.274	    129.364	    126.141	    123.533	    121.461	    119.843	    118.597	    117.649	    116.928	    116.369	    115.915	    115.510	    115.098	    114.618	    114.000	    113.154	    111.965	    110.278	    107.880	    104.477	     99.663	     92.873	     83.347	     70.102	     52.034	     28.376	      0.000	
    200.000	    188.616	    177.451	    166.712	    156.582	    147.210	    138.706	    131.137	    124.530	    118.871	    114.117	    110.199	    107.028	    104.510	    102.543	    101.030	     99.880	     99.007	     98.336	     97.795	     97.321	     96.848	     96.310	     95.628	     94.710	     93.436	     91.653	     89.158	     85.687	     80.895	     74.346	     65.516	     53.842	     38.872	     20.598	      0.000	
    200.000	    186.782	    173.818	    161.349	    149.588	    138.706	    128.832	    120.044	    112.372	    105.802	    100.283	     95.733	     92.052	     89.129	     86.846	     85.092	     83.760	     82.753	     81.982	     81.369	     80.841	     80.329	     79.759	     79.054	     78.120	     76.845	     75.086	     72.664	     69.359	     64.899	     58.972	     51.247	     41.430	     29.389	     15.331	      0.000	
    200.000	    185.149	    170.585	    156.577	    143.362	    131.137	    120.044	    110.171	    101.551	     94.171	     87.970	     82.859	     78.724	     75.440	     72.878	     70.910	     69.417	     68.292	     67.437	     66.765	     66.199	     65.665	     65.089	     64.393	     63.491	     62.279	     60.633	     58.403	     55.414	     51.464	     46.340	     39.843	     31.837	     22.326	     11.540	      0.000	
    200.000	    183.724	    167.763	    152.410	    137.928	    124.529	    112.372	    101.551	     92.105	     84.016	     77.221	     71.620	     67.089	     63.492	     60.685	     58.531	     56.900	     55.674	     54.749	     54.031	     53.440	     52.898	     52.335	     51.675	     50.838	     49.733	     48.257	     46.289	     43.693	     40.327	     36.048	     30.744	     24.361	     16.950	      8.710	      0.000	
    200.000	    182.504	    165.345	    148.842	    133.274	    118.871	    105.802	     94.170	     84.016	     75.321	     68.016	     61.996	     57.126	     53.260	     50.245	     47.933	     46.184	     44.875	     43.892	     43.140	     42.534	     41.997	     41.459	     40.850	     40.099	     39.128	     37.850	     36.172	     33.993	     31.212	     27.739	     23.510	     18.514	     12.812	      6.558	      0.000	
    200.000	    181.479	    163.315	    145.844	    129.364	    114.117	    100.282	     87.969	     77.220	     68.016	     60.284	     53.911	     48.758	     44.666	     41.477	     39.032	     37.186	     35.807	     34.780	     34.003	     33.390	     32.865	     32.360	     31.812	     31.155	     30.325	     29.252	     27.864	     26.087	     23.850	     21.097	     17.794	     13.947	      9.613	      4.908	      0.000	
    200.000	    180.633	    161.640	    143.372	    126.140	    110.198	     95.732	     82.857	     71.619	     61.995	     53.911	     47.248	     41.860	     37.584	     34.251	     31.698	     29.773	     28.339	     27.276	     26.481	     25.868	     25.360	     24.892	     24.405	     23.844	     23.151	     22.274	     21.154	     19.740	     17.983	     15.847	     13.315	     10.399	      7.147	      3.641	      0.000	
    200.000	    179.949	    160.285	    141.372	    123.531	    107.026	     92.050	     78.722	     67.087	     57.125	     48.756	     41.860	     36.283	     31.857	     28.409	     25.769	     23.781	     22.303	     21.214	     20.407	     19.797	     19.307	     18.876	     18.449	     17.976	     17.410	     16.707	     15.826	     14.725	     13.374	     11.748	      9.841	      7.665	      5.256	      2.674	      0.000	
    200.000	    179.405	    159.208	    139.782	    121.458	    104.506	     89.125	     75.437	     63.488	     53.258	     44.664	     37.582	     31.856	     27.313	     23.773	     21.065	     19.028	     17.517	     16.408	     15.594	     14.989	     14.518	     14.121	     13.747	     13.352	     12.897	     12.345	     11.664	     10.826	      9.806	      8.592	      7.179	      5.579	      3.819	      1.940	      0.000	
    200.000	    178.980	    158.366	    138.540	    119.838	    102.538	     86.841	     72.873	     60.680	     50.241	     41.473	     34.248	     28.407	     23.772	     20.163	     17.403	     15.328	     13.792	     12.669	     11.851	     11.252	     10.798	     10.431	     10.104	      9.776	      9.413	      8.986	      8.470	      7.842	      7.087	      6.195	      5.166	      4.007	      2.739	      1.391	      0.000	
    200.000	    178.652	    157.717	    137.582	    118.590	    101.022	     85.084	     70.902	     58.523	     47.926	     39.026	     31.693	     25.765	     21.063	     17.402	     14.603	     12.500	     10.946	      9.814	      8.994	      8.401	      7.962	      7.621	      7.332	      7.059	      6.771	      6.445	      6.059	      5.597	      5.047	      4.403	      3.665	      2.839	      1.938	      0.983	      0.000	
    200.000	    178.401	    157.220	    136.850	    117.638	     99.868	     83.747	     69.405	     56.888	     46.174	     37.177	     29.765	     23.774	     19.023	     15.325	     12.499	     10.377	      8.811	      7.672	      6.853	      6.266	      5.840	      5.520	      5.262	      5.032	      4.804	      4.556	      4.270	      3.935	      3.541	      3.084	      2.563	      1.982	      1.352	      0.685	      0.000	
    200.000	    178.208	    156.839	    136.290	    116.911	     98.988	     82.733	     68.273	     55.656	     44.858	     35.793	     28.327	     22.294	     17.510	     13.787	     10.943	      8.810	      7.237	      6.095	      5.277	      4.696	      4.280	      3.977	      3.744	      3.548	      3.365	      3.176	      2.967	      2.727	      2.448	      2.128	      1.766	      1.364	      0.930	      0.471	      0.000	
    200.000	    178.056	    156.539	    135.850	    116.344	     98.307	     81.953	     67.408	     54.722	     43.868	     34.759	     27.259	     21.200	     16.397	     12.661	      9.808	      7.669	      6.093	      4.952	      4.136	      3.560	      3.154	      2.864	      2.650	      2.479	      2.331	      2.186	      2.033	      1.862	      1.668	      1.447	      1.199	      0.925	      0.630	      0.319	      0.000	
    200.000	    177.929	    156.289	    135.486	    115.877	     97.753	     81.326	     66.724	     53.993	     43.106	     33.973	     26.457	     20.388	     15.579	     11.840	      8.986	      6.847	      5.274	      4.135	      3.324	      2.753	      2.355	      2.075	      1.875	      1.724	      1.600	      1.488	      1.375	      1.254	      1.120	      0.970	      0.802	      0.618	      0.421	      0.213	      0.000	
    200.000	    177.809	    156.055	    135.150	    115.454	     97.260	     80.779	     66.139	     53.385	     42.485	     33.348	     25.833	     19.769	     14.967	     11.235	      8.389	      6.257	      4.690	      3.557	      2.752	      2.187	      1.796	      1.525	      1.336	      1.199	      1.093	      1.004	      0.920	      0.834	      0.742	      0.640	      0.529	      0.407	      0.277	      0.140	      0.000	
    200.000	    177.680	    155.806	    134.796	    115.016	     96.760	     80.239	     65.579	     52.821	     41.929	     32.807	     25.312	     19.269	     14.488	     10.776	      7.946	      5.828	      4.272	      3.149	      2.352	      1.795	      1.410	      1.147	      0.967	      0.840	      0.748	      0.674	      0.610	      0.549	      0.485	      0.417	      0.344	      0.264	      0.179	      0.091	      0.000	
    200.000	    177.523	    155.504	    134.372	    114.500	     96.183	     79.633	     64.969	     52.227	     41.366	     32.282	     24.828	     18.826	     14.082	     10.402	      7.599	      5.504	      3.966	      2.857	      2.071	      1.523	      1.146	      0.890	      0.717	      0.598	      0.515	      0.453	      0.403	      0.358	      0.314	      0.269	      0.220	      0.169	      0.115	      0.058	      0.000	
    200.000	    177.312	    155.102	    133.814	    113.830	     95.449	     78.878	     64.229	     51.528	     40.725	     31.708	     24.321	     18.383	     13.697	     10.066	      7.304	      5.242	      3.730	      2.640	      1.869	      1.332	      0.964	      0.716	      0.549	      0.437	      0.361	      0.307	      0.266	      0.233	      0.202	      0.171	      0.140	      0.107	      0.072	      0.036	      0.000	
    200.000	    177.015	    154.538	    133.039	    112.913	     94.459	     77.878	     63.269	     50.642	     39.934	     31.020	     23.735	     17.892	     13.289	      9.728	      7.024	      5.008	      3.531	      2.468	      1.716	      1.194	      0.837	      0.597	      0.437	      0.331	      0.260	      0.212	      0.178	      0.151	      0.129	      0.108	      0.088	      0.067	      0.045	      0.023	      0.000	
    200.000	    176.585	    153.729	    131.938	    111.624	     93.088	     76.515	     61.982	     49.477	     38.914	     30.153	     23.016	     17.306	     12.819	      9.355	      6.730	      4.775	      3.344	      2.317	      1.591	      1.087	      0.744	      0.513	      0.360	      0.260	      0.194	      0.150	      0.121	      0.099	      0.083	      0.068	      0.055	      0.041	      0.028	      0.014	      0.000	
    200.000	    175.954	    152.551	    130.353	    109.797	     91.175	     74.643	     60.243	     47.928	     37.581	     29.039	     22.108	     16.582	     12.252	      8.918	      6.396	      4.521	      3.152	      2.170	      1.477	      0.997	      0.670	      0.451	      0.306	      0.211	      0.150	      0.110	      0.084	      0.067	      0.053	      0.043	      0.034	      0.025	      0.017	      0.008	      0.000	
    200.000	    175.019	    150.823	    128.065	    107.205	     88.509	     72.080	     57.904	     45.877	     35.843	     27.608	     20.959	     15.679	     11.557	      8.392	      6.003	      4.232	      2.940	      2.015	      1.363	      0.912	      0.605	      0.400	      0.265	      0.177	      0.120	      0.084	      0.061	      0.046	      0.035	      0.027	      0.021	      0.016	      0.010	      0.005	      0.000	
    200.000	    173.613	    148.266	    124.749	    103.533	     84.815	     68.604	     54.789	     43.194	     33.604	     25.789	     19.518	     14.561	     10.706	      7.757	      5.537	      3.894	      2.698	      1.843	      1.242	      0.826	      0.543	      0.355	      0.231	      0.150	      0.099	      0.066	      0.046	      0.033	      0.024	      0.018	      0.013	      0.010	      0.006	      0.003	      0.000	
    200.000	    171.453	    144.433	    119.925	     98.349	     79.745	     63.949	     50.709	     39.743	     30.770	     23.520	     17.740	     13.198	      9.680	      6.998	      4.985	      3.499	      2.419	      1.648	      1.107	      0.734	      0.480	      0.311	      0.200	      0.128	      0.082	      0.053	      0.035	      0.024	      0.017	      0.012	      0.009	      0.006	      0.004	      0.002	      0.000	
    200.000	    168.019	    138.581	    112.873	     91.072	     72.872	     57.823	     45.468	     35.398	     27.261	     20.749	     15.596	     11.569	      8.465	      6.107	      4.342	      3.042	      2.100	      1.428	      0.957	      0.632	      0.412	      0.265	      0.169	      0.107	      0.067	      0.043	      0.027	      0.018	      0.012	      0.008	      0.006	      0.004	      0.002	      0.001	      0.000	
    200.000	    162.261	    129.422	    102.522	     80.947	     63.714	     49.934	     38.898	     30.069	     23.029	     17.453	     13.074	      9.671	      7.060	      5.084	      3.609	      2.525	      1.740	      1.182	      0.791	      0.522	      0.339	      0.218	      0.138	      0.087	      0.054	      0.034	      0.021	      0.013	      0.008	      0.006	      0.004	      0.002	      0.001	      0.001	      0.000	
    200.000	    151.784	    114.672	     87.346	     67.099	     51.815	     40.065	     30.911	     23.726	     18.076	     13.644	     10.189	      7.519	      5.478	      3.938	      2.791	      1.950	      1.343	      0.911	      0.609	      0.401	      0.260	      0.167	      0.105	      0.066	      0.041	      0.025	      0.015	      0.009	      0.006	      0.004	      0.002	      0.002	      0.001	      0.000	      0.000	
    200.000	    130.342	     90.402	     65.472	     48.765	     36.926	     28.186	     21.557	     16.445	     12.473	      9.384	      6.990	      5.148	      3.745	      2.689	      1.904	      1.329	      0.914	      0.620	      0.414	      0.272	      0.177	      0.113	      0.071	      0.044	      0.027	      0.017	      0.010	      0.006	      0.004	      0.002	      0.001	      0.001	      0.001	      0.000	      0.000	
    200.000	     79.275	     51.305	     35.633	     25.885	     19.305	     14.596	     11.093	      8.427	      6.372	      4.783	      3.557	      2.617	      1.901	      1.364	      0.965	      0.673	      0.463	      0.314	      0.209	      0.138	      0.089	      0.057	      0.036	      0.022	      0.014	      0.008	      0.005	      0.003	      0.002	      0.001	      0.001	      0.000	      0.000	      0.000	      0.000	
    200.000	      0.000	      0.000	      0.000	      0.000	      0.000	      0.000	      0.000	      0.000	      0.000	      0.000	      0.000	      0.000	      0.000	      0.000	      0.000	      0.000	      0.000	      0.000	      0.000	      0.000	      0.000	      0.000	      0.000	      0.000	      0.000	      0.000	      0.000	      0.000	      0.000	      0.000	      0.000	      0.000	      0.000	      0.000	      0.000	];
    


% tflip = flip(t1,1);
% 
% 
figure('Name', 'Case 2.1: ADI Scheme @ Time = 0.1 hr');

hold on;
contourf(X,Y,t1,25);
grid on;
grid minor;
title("ADI Scheme for Time = 0.1 hr");
xlabel('X wall Distance (ft)');
ylabel('Y Wall Distance (ft)');
c = colorbar('eastoutside');
c.Label.String = 'Wall Temperature (F)';
contourf(X,Y,t1,'LevelList',0:20:200);
hold off;


figure ('Name', 'Case 2.2: ADI Scheme @ Time = 0.4 hr');
hold on;
contourf(X,Y,t2,25);
grid on;
grid minor;
title("ADI Scheme for Time = 0.4 hr");
xlabel('X wall Distance (ft)');
ylabel('Y Wall Distance (ft)');
c = colorbar('eastoutside');
c.Label.String = 'Wall Temperature (F)';
contourf(X,Y,t2,'LevelList',0:20:200);
hold off;
